.Random.seed <-
c(403L, 10L, -507304177L, 642976325L, -288277508L, 797049426L, 
-1208983603L, -832022137L, -1484927890L, 182596680L, -2102653365L, 
-917904471L, -2064831752L, -738968026L, 819722049L, 1823325395L, 
216375426L, -526295372L, 513301047L, 1584275757L, -1305628092L, 
-1799655574L, -1127506987L, -299803281L, -945960842L, 1898685344L, 
-1060301725L, 513147137L, 1607339120L, 1969252366L, 1466947705L, 
1111119883L, 1749317946L, 137390140L, -2041528449L, 1762473173L, 
-1607776020L, -536509886L, 1555907997L, 201515031L, 1848497534L, 
-1143084232L, -709946341L, -1519825543L, 1194007496L, -254441482L, 
-75003343L, 635640931L, -397073358L, 644014468L, 1372096455L, 
1235651229L, 100022804L, -432342854L, -1363688187L, 673959647L, 
-1262677146L, -2074889488L, 1899598355L, 107838385L, -2069862816L, 
-596564994L, -277791863L, 724274363L, 1697949834L, 661781356L, 
516251887L, -1687409883L, 1956369884L, -1857809486L, 702724781L, 
-1228754329L, -1782623858L, -1506666904L, 759431787L, 74652681L, 
1894769304L, -1528572474L, 2102277409L, 1534735795L, -502726366L, 
41794324L, 80085911L, -593794163L, 2119710372L, 1038678154L, 
-1666859275L, -2032688817L, -1426354602L, 521344256L, 1490038851L, 
962225121L, -47637680L, 1050799534L, 643064665L, 80906603L, -1775857446L, 
2127387036L, 280159647L, 593270773L, 2113967756L, 1848230754L, 
1741925181L, -837502025L, 2042982494L, 679554456L, -607553285L, 
-2105572199L, 1543439656L, 347997142L, 1445705809L, -1533535485L, 
-759416174L, -801789916L, -682314009L, 593046333L, 1893577652L, 
-1266597862L, -1506163867L, 1984708095L, 1959309446L, -401179632L, 
-1436721485L, -1394709167L, 596796672L, -626765858L, -754496471L, 
-1179423781L, 1970426090L, 888061580L, 225116623L, 1964397957L, 
-16863684L, 693297938L, -974028787L, 1039459143L, -1688331986L, 
-1568501624L, -1721387637L, 1206218089L, -1411424456L, -793083418L, 
1309824385L, 1651755283L, -954120510L, -681451148L, 1709717879L, 
-1404499347L, -752843516L, -562798550L, 662158741L, -633208273L, 
1158467382L, -1818357920L, 1379120547L, -549814591L, -98847056L, 
-369774130L, -1112677063L, -1890813621L, -2014344454L, 584707068L, 
-2143695809L, 1033196821L, 1318878764L, 902923010L, 499646429L, 
-1900021033L, 1935881662L, -1664299016L, -286241829L, 1474405945L, 
-1980510328L, -1171747018L, 429772145L, 1658709923L, 1345892082L, 
1361245764L, 832567559L, -859660067L, -25713196L, -715491078L, 
-453730235L, -1312749409L, -1843670490L, 544614064L, -1768649901L, 
-369842575L, -1424192608L, -1372890306L, 92234313L, 2053773051L, 
-23746870L, 1945868332L, -1785561041L, 405438693L, -676353636L, 
-1719987214L, -953348499L, 1496529831L, -1078606386L, -1805782232L, 
1334761771L, -1230412983L, 58607704L, 1905257734L, 1404397793L, 
-1867857805L, 659037410L, -1835119532L, -1554550441L, -2092871347L, 
-1459723036L, 559642826L, 1812698421L, 904772495L, 2019147926L, 
-604839872L, 1147439363L, 1823384865L, 456844816L, -416836114L, 
1233652121L, 1846773291L, -1513091302L, 228316636L, 10746847L, 
642075573L, -277727924L, 1418415336L, 1880809722L, 855779024L, 
1446062892L, 1508471028L, -800450158L, 548805984L, 987515916L, 
1572961504L, -979844510L, 505398440L, -684802996L, -674195588L, 
1193408818L, -1859358096L, -1549520060L, -665922600L, 426107770L, 
1418004528L, -1964658756L, 121791060L, -1786687422L, 1939320480L, 
923189948L, 950307792L, 1194458466L, -914383128L, 1428552908L, 
-77557252L, 442277362L, -115350400L, 427780596L, 1048287880L, 
70568762L, 272887120L, -126931860L, -473553516L, 825049170L, 
-1112621600L, -538635060L, 1782578848L, -611143294L, -423692056L, 
-672515348L, 1160873276L, 1722601586L, 1896469104L, 936569380L, 
-1359980488L, 807971098L, -1361460016L, -1867085508L, 914342804L, 
1321842562L, 827608000L, -2038602180L, -584326768L, 1675352098L, 
1082828040L, -1805690740L, 311832348L, 144921746L, -2088487552L, 
1775759380L, -221669592L, -397572550L, -109948464L, -845309588L, 
-2114620492L, -1612142062L, 2128570336L, -720483892L, -1013229344L, 
491940898L, -347909336L, -701195764L, -788225220L, 868835314L, 
626250480L, 1483946564L, -2035274152L, -738887878L, -402010128L, 
556761788L, 579507476L, -1107272510L, 1234177120L, 586954108L, 
-1673015344L, 666861858L, 1769789096L, 1325291404L, -1402923844L, 
1443072818L, 1073235520L, 1542173876L, -287005624L, 1762682298L, 
-46978544L, 1661107436L, -91520684L, -385281262L, -600265312L, 
1555413708L, 333560416L, -848101438L, -90320088L, 804469164L, 
-1402401476L, -287622286L, 191053104L, -927373532L, 270058808L, 
1588496090L, -926613616L, -692413700L, 834702228L, 264283202L, 
-1092438784L, -481544132L, 1136606544L, -2132814686L, -144905400L, 
-1927209204L, 1637981916L, -830984366L, -1464650112L, 416487508L, 
-506715160L, 236034810L, 1572832592L, 1826598700L, 934937460L, 
1071821714L, 1553474144L, -695257204L, 1191245664L, 1030321122L, 
748383144L, -84411188L, -611796484L, 1056516018L, 1177138672L, 
-1460202044L, -165779112L, -1941971590L, 1426415024L, -1335757892L, 
-316358572L, -1387376702L, -558362592L, -1581109060L, -910013872L, 
-2031331358L, 1521204840L, -71397812L, 1398284540L, -447748110L, 
1816741120L, 328192884L, 1111707656L, 1309348282L, -193188400L, 
234599404L, -872674412L, -2053116974L, -253466784L, -1451278004L, 
440701216L, 210304898L, 1985816296L, -978544404L, -381528516L, 
952841074L, -1462233488L, 1723466788L, -725631176L, -1258997606L, 
150511312L, -388309828L, 291310228L, -1264446846L, 970916032L, 
1352086844L, 710604944L, -220490206L, 679793160L, -445194996L, 
-1013919076L, 2104231442L, 406669696L, 1143421460L, 1589153320L, 
1349964090L, 1028914128L, -195723668L, 1769567028L, 7721618L, 
644351328L, -430981812L, -1014909984L, -505917534L, -341499992L, 
554887052L, -1687573828L, -1814555790L, -1796495120L, -866089916L, 
811648344L, -1346068422L, 1409987440L, 49443900L, -973145324L, 
191972802L, -1145045792L, -1591320708L, -1272768816L, 611740322L, 
-1516731352L, -1538281204L, -106447940L, 1548557618L, 1113835456L, 
1957115444L, -929692728L, 365477050L, 1127423888L, 374165158L, 
-1578525101L, 982843317L, -1090343662L, 33330912L, 1158605641L, 
1524204923L, -1377447860L, 1418013146L, 1708540879L, 20262297L, 
1111700910L, -572202308L, -1785445587L, -1686007593L, 1053522208L, 
-1846272386L, -1799141301L, 1447096909L, 324268154L, 2103517368L, 
1460105825L, 302557203L, -1469315532L, 699633730L, -381669289L, 
-1662606431L, -1657371546L, -545100700L, -848697451L, -1402941249L, 
-1598762920L, 1399288950L, -630178685L, 1868041413L, 1950001634L, 
-1351847856L, -929017479L, -878827861L, 2130152988L, 18483530L, 
1886546239L, -1619660919L, 1641033630L, 1184136780L, -356816867L, 
888322471L, -730063664L, -2146320786L, -2133997285L, -650917251L, 
1046982762L, 952589576L, -1623070287L, 991534627L, 1432754980L, 
-1136817198L, -162981849L, 1623937649L, 1753921718L, 1923924052L, 
-1391746843L, -1208468241L, -1377669080L, -996760442L, 1657736883L, 
-611299307L, 1044529778L, -1420890432L, 441443113L, 476008859L, 
1441539692L, -1904825734L, -349320273L, -1902375239L, 101933262L, 
-1698956772L, -769584755L, 317284343L, -1477917952L, -285574818L, 
704985643L, -501418707L, -1711445606L, 1812612952L, 1563078337L, 
1143026035L, -1880204652L, -1437212894L, -151852489L, 1855463169L, 
-303368698L, -1429099452L, -1024750219L, 52965599L, -42527688L, 
-799247338L, -1662421981L, -557444123L, -2091969022L, -104973200L, 
969337369L, -1592605685L, -1908259076L, 1286209322L, 1775530335L, 
-2123470615L, -1467174914L, -1266318356L, 1890412349L, 341080839L, 
96129776L, 1899551374L, -1884449605L, -476610403L, 1643072586L, 
1957123688L, -1364813231L, -495482557L, 1234640964L, 1795764978L, 
1910561479L, -11446127L, 1289594390L, 1209123956L, 638304005L, 
-394572465L, -881324216L, -577116442L, -408442861L, 1792937845L, 
-493641902L, 1790883744L, -936537463L, 895686331L, 456455436L, 
635443354L, -299360753L, 906975833L, 584677102L, -1945033348L, 
-393918995L, 1737761431L, 219602272L, -326031042L, 509006347L, 
112559757L, 865594298L, -662896136L, 1025977761L, -746732717L, 
